17167724974058305
40530148041042753
77684844966849345
121031991380290369
172823387095051073
210822508950989633
230807232297446209
300613026521688897
348463772562500417
354656222050134849
401099593207393089
426713816088062785
444446739620834113
449794764178336577
479349636732955457
496238135335594817
524948582960081729
614739100530780993
640353323411450689
643449548155267905
649641997642902337
740839890097154881
747032339584789313
752380364142291777
753224789072423745
781935236696910657
795727510555732801
831474832597986113
925768949796055873
957575622164360001
995574744020298561
1015559467366755137
1042018115177556801
1122519958516804417
1127867983074306881
1136312232375626561
1137156657305758529
1177407578975382337
1182755603532884801
1188948053020519233
1203021801856052033
1212310476087503681
1280990370404903745
1306604593285573441
1344603715141512001
1361492213744151361
1398646910669957953
1425105558480759617
1468452704894200641
1489281853170789185
1537977024141732673
1618478867480980289
1621575092224797505
1647189315105467201
1658729789150604097
1688284661705222977
1699825135750359873
1710521184865364801
1736979832676166465
1742327857233668929
1743172282163800897
1746268506907618113
1788771228390927169
1820577900759231297
1829022150060550977
1861673247358987073
1873213721404123969
1907272193586113345
1910368418329930561
1913464643073747777
1953715564743371585
1993966486412995393
2040409857570253633
2043506082314070849
2060394580916710209
2094453053098699585
2095297478028831553
2146244448813460289
2172703096624261953
2233783166570474305
2282478337541417793
2313440584979589953
2356787731393030977
2366076405624482625
2387187028877781825
2394786853248969537
2397883077992786753
2426593525617273665
2435037774918593345
2484577370819668801
2496117844864805697
2525672717419424577
2536368766534429505
2544813015835749185
2556634964857596737
2569019863832865601
2574367888390368065
2579715912947870529
2606174560758672193
2625314859174996801
2631507308662631233
2654869731729615681
2706661127444376385
2726927325767543617
2761548747902954305
2773370696924801857
2787162970783624001
2796451645015075649
2828258317383379777
2914952610210261825
2922552434581449537
2928744884069083969
2966744005925022529
3006994927594646337
3018535401639783233
3050342074008087361
3058786323309407041
3070326797354543937
3085244971120208705
3087496770933893953
3099037244979030849
3101289044792716097
3113673943767984961
3131688342277466945
3171094839016958785
3185731537805912897
3191923987293547329
3209093960872897345
3218382635104348993
3226826884405668673
3229078684219353921
3267077806075292481
3309580527558601537
3312676752302418753
3401622844942986049
3440466391729056577
3480717313398680385
3483813538142497601
3506050061302639425
3529412484369623873
3531664284183309121
3569663406039247681
3623706601567693633
3626802826311510849
3650165249378495297
3693512395791936321
3694356820722068289
3739955766949194561
3754592465738148673
3786399138106452801
3791747162663955265
3826650059776076609
3831998084333579073
3832842509263711041
3876189655677152065
3956691499016399681
3968231973061536577
3976676222362856257
4019178943846165313
4043385791843281729
4046482016587098945
4086732938256722753
4094332762627910465
4135428109227666241
4137679909041351489
4150064808016620353
4158509057317940033
4164138556852153153
4187219504942426945
4189471304756112193
4190315729686244161
4198759978987563841
4219026177310731073
4270817573025491777
4311068494695115585
4371304139711195969
4377496589198830401
4398607212452129601
4461094657281895233
4481360855605062465
4487553305092696897
4489805104906382145
4498249354207701825
4528648651692452673
4550885174852594497
4579595622477081409
4631387018191842113
4660097465816329025
4660941890746460993
4668541715117648705
4674734164605283137
4698096587672267585
4799427579288103745
4871485173326031681
4920180344296975169
4923276569040792385
5021511335912811329
5070206506883754817
5130723626876545857
5133819851620363073
5182515022591306561
5197151721380260673
5243595092537518913
5286097814020827969
5310304662017944385
5312556461831629633
5317904486389132097
5332541185178086209
5350555583687568193
5355903608245070657
5367444082290207553
5369695882103892801
5375888331591527233
5390806505357192001
5396154529914694465
5407695003959831361
5442597901071952705
5448790350559587137
5456390174930774849
5492137496973028161
5537736443200154433
5549276917245291329
5574891140125961025
5612890261981899585
5615986486725716801
5627526960770853697
5656237408395340609
5665526082626792257
5704932579366284097
5794723096936983361
5797819321680800577
5838070243350424385
5866780690974911297
5927860760921123649
6016806853561690945
6024125202956168001
6068598249276451649
6158388766847150913
6181751189914135361
6198639688516774721
6238890610186398529
6241986834930215745
6244238634743900993
6358236000311716673
6362739599939087169
6363584024869219137
6423819669885299521
6432545394163329857
6530780161035348801
6625918703163550529
6631266727721052993
6632111152651184961
6636614752278555457
6683058123435813697
6710361196176747329
6723309045105437505
6766656191518878529
6798462863887182657
6802403513561131841
6834210185929435969
6845750659974572865
6885157156714064705
6893601406015384385
6923156278570003265
6926252503313820481
6966503424983444289
7078530465714285377
7081626690458102593
7098796664037452609
7104989113525087041
7107240913338772289
7133699561149573953
7150588059752213313
7186335381794466625
7240378577322912577
7269089024947399489
7269933449877531457
7303991922059520833
7316376821034789697
7320880420662160193
7367323791819418433
7381960490608372545
7408419138419174209
7411515363162991425
7459366109203802945
7485824757014604609
7488920981758421825
7635006494671252289
7662309567412185921
7679198066014825281
7721700787498134337
7730989461729585985
7749003860239067969
7762796134097890113
7797699031210011457
7799950831023696705
7841046177623452481
7852586651668589377
7895089373151898433
7901281822639532865
7943784544122841921
7953073218354293569
7984879890722597697
8005146089045764929
8019782787834719041
8022879012578536257
8031323261879855937
8051589460203023169
8060878134434474817
8071574183549479745
8074670408293296961
8141379977773722433
8163616500933864257
8181630899443346241
8186978924000848705
8203867422603488065
8210059872091122497
8241866544459426625
8287465490686552897
8293657940174187329
8357271284910795585
8375004208443566913
8418351354857007937
8423699379414510401
8449313602295180097
8457757851596499777
8458602276526631745
8463950301084134209
8469298325641636673
8545296569353513793
8555992618468518721
8596243540138142529
8614257938647624513
8628894637436578625
8648879360783035201
8669145559106202433
8679841608221207361
8727129404308597569
8796090773602708289
8819171721692982081
8839437920016149313
8848726594247600961
8867866892663925569
8888977515917224769
8908117814333549377
8929228437586848577
8937672686888168257
8945272511259355969
9026618779528735553
9029715004272552769
9049981202595720001
9153563994025241409
9159756443512875841
9214644063971453761
-9156946190956352703
-9113599044542911679
-9074192547803419839
-9036193425947481279
-8992001854603908287
-8984402030232720575
-8981305805488903359
-8928388509867300031
-8903055761963340991
-8874345314338854079
-8854360590992397503
-8852108791178712255
-8804820995091322047
-8799472970533819583
-8729667176309576895
-8660987281992176831
-8652261557714146495
-8643817308412826815
-8631432409437557951
-8620736360322553023
-8562471040143447231
-8522220118473823423
-8502235395127366847
-8386830654675997887
-8377541980444546239
-8372193955887043775
-8369942156073358527
-8360653481841906879
-8251441190878172351
-8250596765948040383
-8233708267345401023
-8207249619534599359
-8199649795163411647
-8195709145489462463
-8190361120931959999
-8156302648749970623
-8155458223819838655
-8152361999076021439
-8147858399448650943
-8120555326707717311
-8118303526894032063
-8117459101963900095
-8109859277592712383
-8106763052848895167
-8080304405038093503
-8063415906435454143
-8036957258624652479
-8017816960208327871
-7948011165984085183
-7904664019570644159
-7890027320781690047
-7844428374554563775
-7786444529352168639
-7755482281913996479
-7720579384801875135
-7716638735127925951
-7711290710570423487
-7684832062759621823
-7633885091974993087
-7619248393186038975
-7584345496073917631
-7564079297750750399
-7552538823705613503
-7540998349660476607
-7537902124916659391
-7506095452548355263
-7503843652734670015
-7460496506321228991
-7408705110606468287
-7376054013308032191
-7373802213494346943
-7319759017965900991
-7284011695923647679
-7267123197321008319
-7252205023555343551
-7246012574067709119
-7233064725139018943
-7226872275651384511
-7191969378539263167
-7160162706170959039
-7102178860968563903
-7073468413344076991
-6983677895773377727
-6981426095959692479
-6966789397170738367
-6938078949546251455
-6862925130764506303
-6836747957930415295
-6811133735049745599
-6799593261004608703
-6779327062681441471
-6759342339334984895
-6753149889847350463
-6707550943620224191
-6669551821764285631
-6666455597020468415
-6534162357966460095
-6493911436296836287
-6450564289883395263
-6404120918726137023
-6363869997056513215
-6360773772312695999
-6253813281162646719
-6230732333072372927
-6204273685261571263
-6164022763591947455
-6161770963778262207
-6115327592621003967
-6104631543505999039
-5991478602868315327
-5976841904079361215
-5945035231711057087
-5895495635809981631
-5884799586694976703
-5870162887906022591
-5821186241958368447
-5818090017214551231
-5804297743355729087
-5792757269310592191
-5725203274900034751
-5717603450528847039
-5714507225785029823
-5711411001041212607
-5706062976483710143
-5682700553416725695
-5673411879185274047
-5590658236032341183
-5563355163291407551
-5552659114176402623
-5506215743019144383
-5500023293531509951
-5451328122560566463
-5377018728708953279
-5335923382109197503
-5329730932621563071
-5298768685183390911
-5267243487791797439
-5226992566122173631
-5160282996641748159
-5134105823807657151
-5110743400740672703
-5105395376183170239
-5103143576369484991
-5099202926695535807
-5068240679257363647
-5027145332657607871
-4964657887827842239
-4842216272958706879
-4807313375846585535
-4794365526917895359
-4793521101987763391
-4701478784603378879
-4672768336978891967
-4663479662747440319
-4649687388888618175
-4626324965821633727
-4615628916706628799
-4594518293453329599
-4586074044152009919
-4456032604911686847
-4450684580354184383
-4389604510407972031
-4322894940927546559
-4314450691626226879
-4311354466882409663
-4280392219444237503
-4279547794514105535
-4268851745399100607
-4239296872844481727
-4236200648100664511
-4184409252385903807
-4176809428014716095
-4130366056857457855
-4100811184302838975
-4087018910444016831
-4020309340963591359
-4011865091662271679
-4008768866918454463
-3997228392873317567
-3971614169992647871
-3927422598649074879
-3878727427678131391
-3838476506008507583
-3835380281264690367
-3809766058384020671
-3757130237739127999
-3705338842024367295
-3596126551060632767
-3589934101572998335
-3540394505671922879
-3500143584002299071
-3497891784188613823
-3487195735073608895
-3344769396858016959
-3275808027563906239
-3265111978448901311
-3244001355195602111
-3169129011390567615
-3096226992422507711
-3065264744984335551
-3062168520240518335
-3010377124525757631
-2958585728810996927
-2894972384074388671
-2842336563429495999
-2776752893855913151
-2753390470788928703
-2738753771999974591
-2583098109878981823
-2491055792494597311
-2490211367564465343
-2487959567750780095
-2479515318449460415
-2399013475110212799
-2386628576134943935
-2369458602555593919
-2344125854651634879
-2306126732795696319
-2297682483494376639
-2217180640155129023
-2216336215224997055
-2199166241645647039
-2187625767600510143
-2127390122584429759
-2095583450216125631
-2055332528546501823
-2008889157389243583
-2006637357575558335
-2005792932645426367
-1967793810789487807
-1965542010975802559
-1957097761674482879
-1954845961860797631
-1942461062885528767
-1927542889119863999
-1919943064748676287
-1875751493405103295
-1847041045780616383
-1803693899367175359
-1754154303466099903
-1746554479094912191
-1705459132495156415
-1693918658450019519
-1673652460126852287
-1665208210825532607
-1651415936966710463
-1645223487479076031
-1604972565809452223
-1601876341065635007
-1584706367486284991
-1532070546841392319
-1518278272982570175
-1492664050101900479
-1480279151126631615
-1457761152989779135
-1437776429643322559
-1432428405085820095
-1431583980155688127
-1428487755411870911
-1423139730854368447
-1339541662771303615
-1307734990402999487
-1284372567336015039
-1281276342592197823
-1259039819432055999
-1223292497389802687
-1139694429306737855
-1093251058149479615
-1040052287551165631
-1039207862621033663
-996705141137724607
-970246493326922943
-920706897425847487
-857375027665949887
-828664580041462975
-825568355297645759
-738874062470763711
-733526037913261247
-710163614846276799
-707067390102459583
-693275116243637439
-655275994387698879
-626565546763211967
-601232798859252927
-526078980077507775
-516790305846056127
-484983633477751999
-482731833664066751
-443888286877996223
-438540262320493759
-436288462506808511
-366482668282565823
-357193994051114175
-349594169679926463
-314691272567805119
-271344126154364095
-262899876853044415
-256707427365409983
-211108481138283711
-173953784212477119
-170013134538527935
-135110237426406591
-132858437612721343
-119066163753899199
-84163266641777855
-72622792596640959
-565198558713023
8160525851288897
20545424826557761
30678523988141377
38559823336039745
74025670401582401
92884493841196353
93728918771328321
126098541093053761
129757715790292289
134261315417662785
162408813088728385
170290112436626753
173949287133865281
177608461831103809
195622860340585793
199282035037824321
223770358011651393
289635502561944897
305679576234452289
312153500698797377
341708373253416257
389559119294227777
429247091010430273
432906265707668801
443039364869252417
450920664217150785
455424263844521281
459083438541759809
473438662354003265
476253412121109825
477097837051241793
483571761515586881
501586160025068865
502430584955200833
506089759652439361
520444983464682817
521289408394814785
524104158161921345
527763332859159873
531422507556398401
545777731368641857
589124877782082881
596443227176559937
618961225313412417
634160874055787841
692707669211604289
695522418978710849
718040417115563329
754069214134527297
758572813761897793
775742787341247809
798260785478100289
801075535245206849
866940679795500353
935620574112900417
939279748810138945
976152970759234881
991352619501610305
1001485718663193921
1017529792335701313
1026818466567152961
1038358940612289857
1042862540239660353
1082550511955862849
1085365261722969409
1110698009626928449
1115201609254298945
1144756481808917825
1147571231576024385
1152074831203394881
1155734005900633409
1170089229712876865
1176563154177221953
1188103628222358849
1209777201429079361
1220754725520794945
1224413900218033473
1228636024868693313
1235954374263170369
1238769124030276929
1253968772772652353
1264946296864367937
1279301520676611393
1294501169418986817
1298160344116225345
1301819518813463873
1316174742625707329
1352485014621381953
1364025488666518849
1366840238433625409
1384854636943107393
1385699061873239361
1395832161034822977
1407372635079959873
1410187384847066433
1425387033589441857
1432705382983918913
1435520132751025473
1440023732378395969
1447905031726294337
1450719781493400897
1458038130887877953
1473237779630253377
1479711704094598465
1480556129024730433
1491252178139735361
1498570527534212417
1521088525671064897
1557117322690028865
1564435672084505921
1645500465377174849
1666329613653763393
1685188437093377345
1688003186860483905
1692506786487854401
1728535583506818369
1739513107598533953
1750209156713538881
1761186680805254465
1771882729920259393
1786519428709213505
1810726276706329921
1820577900891202881
1827051825355547969
1841407049167791425
1844221798934897985
1845066223865029953
1852384573259507009
1867584222001882433
1881939445814125889
1888413370278470977
1899953844323607873
1913746118182430017
1925286592227566913
1936264116319282497
1949774915201393985
1950619340131525953
1951463765061657921
1954278514828764481
1969478163571139905
1988336987010753857
1994810911475098945
1998470086172337473
2019299234448926017
2041817232585778497
2082349629232112961
2111341551833310529
2120067276111340865
2145400024015299905
2148214773782406465
2151029523549513025
2169043922058995009
2207605993868354881
2209576318705329473
2214079918332699969
2232094316842181953
2232938741772313921
2250953140281795905
2257427064746140993
2279100637952861505
2305277810786952513
2312314685204718913
2319633034599195969
2406327327426078017
2421526976168453441
2462059372814787905
2476696071603742017
2487392120718746945
2491895720346117441
2506250944158360897
2513569293552837953
2560575614663517505
2579434438103131457
2600263586379720001
2641640407956186433
2647269907490399553
2648114332420531521
2651773507117770049
2673447080324490561
2709475877343454529
2724675526085829953
2725519951015961921
2729179125713200449
2743534349525443905
2757326623384266049
2772526272126641473
2776185446823880001
2795044270263493953
2809399494075737409
2816717843470214465
2834732241979696449
2837546991746803009
2860064989883655489
2863724164580894017
2867383339278132545
2896093786902619457
2906226886064203073
2907071310994335041
2921426534806578497
2922270959736710465
2928744884201055553
2936626183548953921
2941129783176324417
2950418457407776065
2954922057035146561
3006150502796485953
3032327675630576961
3038801600094922049
3072015647346779457
3082148746508363073
3090030045856261441
3094533645483631937
3096503970320606529
3103822319715083585
3119866393387590977
3122681143154697537
3158709940173661505
3163213539801032001
3206560686214473025
3213879035608950081
3229078684351325505
3250752257558046017
3287625479507141953
3294099403971487041
3297758578668725569
3333787375687689537
3337446550384928065
3338290975315060033
3353490624057435457
3359120123591648577
3363623723219019073
3370660597636785473
3374319772334024001
3396837770470876481
3421326093444703553
3422170518374835521
3429488867769312577
3436525742187078977
3446658841348662593
3451162440976033089
3469176839485515073
3524908884874224961
3556715557242529089
3560374731939767617
3586270429797147969
3596403528958731585
3607944003003868481
3618921527095584065
3626239876490061121
3641439525232436545
3644254274999543105
3681971921878771009
3696327145691014465
3702801070155359553
3725319068292212033
3728133818059318593
3746992641498932545
3750651816196171073
3768666214705653057
3812013361119094081
3863523281857144129
3899552078876108097
3914751727618483521
3922070077012960577
3937269725755336001
3947402824916919617
3958943298962056513
3962602473659295041
4042822842021832001
4050141191416309057
4118821085733709121
4122480260430947649
4134020734476084545
4159353482380043585
4174553131122419009
4196226704329139521
4202700628793484609
4210863403118093633
4217900277535860033
4221559452233098561
4235914676045342017
4250551374834296129
4257588249252062529
4261247423949301057
4333586492963939649
4348786141706315073
4377778064307512641
4378622489237644609
4396636887747126593
4415495711186740545
4439984034160567617
4462502032297420097
4465316782064526657
4481360855737034049
4505004753780729153
4528367176847713601
4531181926614820161
4539063225962718529
4542722400659957057
4546381575357195585
4560736799169439041
4564395973866677569
4565240398796809537
4568899573494048065
4589728721770636609
4590573146700768577
4593387896467875137
4615061469674595649
4615905894604727617
4636735042881316161
4699785437664503105
4702600187431609665
4717799836173985089
4765650582214796609
4790983330118755649
4827012127137719617
4834330476532196673
4845870950577333569
4870359273551160641
4886403347223668033
4896536446385251649
4911736095127627073
4917365594661840193
4921869194289210689
4929750493637109057
4932565243404215617
4943542767495931201
4955083241541068097
4957897991308174657
5013630036696884545
5039807209530975553
5056977183110325569
5071613881899279681
5083154355944416577
5089628280408761665
5104827929151137089
5114961028312720705
5133819851752334657
5144515900867339585
5154649000028923201
5155493424959055169
5173507823468537153
5178011423095907649
5195181396675257665
5198840571372496193
5203344170999866689
5210381045417633089
5216854969881978177
5225017744206587201
5279905364665165121
5280749789595297089
5286379289129510209
5324096936008738113
5326911685775844673
5342111334518220097
5410791228835620161
5411635653765752129
5432464802042340673
5480315548083152193
5495515196825527617
5524507119426725185
5528166294123963713
5546180692633445697
5549839867330684225
5579394739885303105
5633719410390459713
5641600709738358081
5648074634202703169
5652578233830073665
5663274282945078593
5670592632339555649
5673407382106662209
5689451455779169601
5706621429358519617
5716754528520103233
5717598953450235201
5732798602192610625
5735613351959717185
5736457776889849153
5819492895019492673
5823996494646863169
5826811244413969729
5834692543761868097
5839196143389238593
5844825642923451713
5863684466363065665
5870158390827410753
5880854439942415681
5882543289802679617
5885358039569786177
5900557688312161601
5904216863009400129
5925890436216120641
5952067609050211649
5969237582629561665
5977400356954170689
6019903078437479745
6024406678064850241
6053961550619469121
6064939074711184705
6101812296660280641
6188506589487162689
6191321339254269249
6195824938881639745
6225379811436258625
6229883411063629121
6235512910597842241
6251556984270349633
6260845658501801281
6273230557477070145
6291244955986552129
6297718880450897217
6298563305381029185
6319392453657617729
6323051628354856257
6339095702027363649
6344725201561576769
6363584025001190721
6401301671880418625
6407775596344763713
6458441092152681793
6466322391500580161
6506010363216782657
6514173137541391681
6516987887308498241
6524306236702975297
6531343111120741697
6554705534187726145
6564838633349309761
6578349432231421249
6594393505903928641
6604526605065512257
6623385428505126209
6642244251944740161
6644214576781714753
6655755050826851649
6665888149988435265
6674050924313044289
6688406148125287745
6692065322822526273
6710924146262140225
6721620195377145153
6736256894166099265
6761589642070058305
6791988939554809153
6797618439089022273
6802122038716392769
6809158913134159169
6813662512761529665
6820136437225874753
6822951186992981313
6835336085968250177
6838150835735356737
6859824408942077249
6875024057684452673
6885157156846036289
6911334329680127297
6922874803725264193
6928504303259477313
6933007902886847809
6958903600744228161
6962562775441466689
6966221950138705217
6998873047437141313
7009569096552146241
7024768745294521665
7034901844456105281
7039405444083475777
7050945918128612673
7057419842592957761
7060234592360064321
7072619491335333185
7075434241102439745
7094293064542053697
7148617735047210305
7166632133556692289
7199846180808549697
7203505355505788225
7206320105272894785
7227993678479615297
7253326426383574337
7294703247960040769
7312717646469522753
7330732044979004737
7353250043115857217
7363383142277440833
7374923616322577729
7392938014832059713
7403915538923775297
7418270762736018753
7422774362363389249
7451766284964586817
7458803159382353217
7463306759009723713
7484135907286312257
7488639506913682753
7513127829887509825
7534801403094230337
7535645828024362305
7550001051836605761
7582652149135041857
7613051446619792705
7619525371084137793
7623184545781376321
7630221420199142721
7634725019826513217
7641198944290858305
7648517293685335361
7659213342800340289
7674412991542715713
7678072166239954241
7681731340937192769
7684546090704299329
7685390515634431297
7703404914143913281
7717760137956156737
7725078487350633793
7739433711162877249
7775743983158551873
7777432833018815809
7779966107809211713
7784469707436582209
7787284457203688769
7805298855713170753
7809802455340541249
7841609127708845377
7850334851986875713
7853149601753982273
7901000347794793793
7903815097561900353
7933369970116519233
7958702718020478273
7962361892717716801
7963206317647848769
7965176642484823361
7977561541460092225
7981220716157330753
7987694640621675841
8003738714294183233
8005709039131157825
8010212638758528321
8075233358378689857
8078892533075928385
8096906931585410369
8112951005257917761
8114921330094892353
8118580504792130881
8119424929722262849
8123084104419501377
8130965403767399745
8144757677626221889
8159112901438465345
8185290074272556353
8192326948690322753
8224978045988758849
8225822470918890817
8241022119661266241
8247496044125611329
8261851267937854785
8262695692867986753
8272828792029570369
8284369266074707265
8288028440771945793
8309702013978666305
8331375587185386817
8335034761882625345
8338693936579863873
8345730810997630273
8353049160392107329
8371063558901589313
8421729054709507393
8447906227543598401
8459446701588735297
8495475498607699265
8499979098235069761
8502793848002176321
8553459343810094401
8583014216364713281
8589488140829058369
8593991740456428865
8612006138965910849
8614820888733017409
8630864962405524801
8638183311800001857
8648879360915006785
8655353285379351873
8674212108818965825
8680686033283310913
8703204031420163393
8717559255232406849
8765410001273218369
8787927999410070849
8803127648152446273
8812416322383897921
8823956796429034817
8826771546196141377
8850133969263125825
8856607893727470913
8867303942842475841
8874622292236952897
8915154688883287361
8917969438650393921
8930354337625662785
8965820184691205441
8984679008130819393
9002693406640301377
9005508156407407937
9010011756034778433
9021552230079915329
9025211404777153857
9031685329241498945
9046040553053742401
9082913775002838337
9093891299094553921
9105431773139690817
9148778919553131841
9155252844017476929
9195785240663811393
9217458813870531905
-9217744785793882815
-9214085611096644287
-9203108087004928703
-9184249263565314751
-9182278938728340159
-9159760940591487679
-9158916515661355711
-9125702468409498303
-9122887718642391743
-9100369720505539263
-9079540572228950719
-9075036972601580223
-9042667350279854783
-9017334602375895743
-9016490177445763775
-9006357078284180159
-8988342679774698175
-8976802205729561279
-8972298606102190783
-8970328281265216191
-8947810283128363711
-8946965858198231743
-8921633110294272703
-8910937061179267775
-8907277886482029247
-8906433461551897279
-8884759888345176767
-8882789563508202175
-8874626789183593151
-8845071916628974271
-8837753567234497215
-8819739168725015231
-8816924418957908671
-8805383944912771775
-8753874024174721727
-8739518800362478271
-8735015200735107775
-8725726526503656127
-8717845227155757759
-8717000802225625791
-8714186052458519231
-8692512479251798719
-8688853304554560191
-8685194129857321663
-8673653655812184767
-8666335306417707711
-8665490881487575743
-8663520556650601151
-8651980082605464255
-8648320907908225727
-8645506158141119167
-8622988160004266687
-8600470161867414207
-8586114938055170751
-8585270513125038783
-8549804666059496127
-8539108616944491199
-8523908968202115775
-8516590618807638719
-8509272269413161663
-8498576220298156735
-8497731795368024767
-8491257870903679679
-8488443121136573119
-8476902647091436223
-8476058222161304255
-8465925122999720639
-8458043823651822271
-8455229073884715711
-8454384648954583743
-8451569899187477183
-8432711075747863231
-8425392726353386175
-8422577976586279615
-8411037502541142719
-8403719153146665663
-8388519504404290239
-8384860329707051711
-8367690356127701695
-8360372006733224639
-8356712832035986111
-8342357608223742655
-8320684035017022143
-8316180435389651647
-8312521260692413119
-8295351287113063103
-8275648038743317183
-8258478065163967167
-8257633640233835199
-8254818890466728639
-8243278416421591743
-8213442068890262207
-8199086845078018751
-8177413271871298239
-8162776573082344127
-8153769373827603135
-8148421349270100671
-8122244176436009663
-8060038206582954687
-8058067881745980095
-8042023808073472703
-8038364633376234175
-8031890708911889087
-7998676661660031679
-7951670340549352127
-7936470691806976703
-7932811517109738175
-7929996767342631615
-7913952693670124223
-7907478769205779135
-7895938295160642239
-7870605547256683199
-7869761122326551231
-7848087549119830719
-7841613624655485631
-7827258400843242175
-7822754801215871679
-7782222404569537215
-7780252079732562623
-7776592905035324095
-7768711605687425727
-7758578506525842111
-7754919331828603583
-7733245758621883071
-7720860859646614207
-7713542510252137151
-7692713361975548607
-7673010113605802687
-7667380614071589567
-7662877014444219071
-7654995715096320703
-7644862615934737087
-7611648568682879679
-7589974995476159167
-7585471395848788671
-7563797822642068159
-7531428200320342719
-7524109850925865663
-7521295101158759103
-7513132326834150079
-7498777103021906623
-7495117928324668095
-7483577454279531199
-7480762704512424639
-7374365163315796671
-7371550413548690111
-7349032415411837631
-7341714066017360575
-7331018016902355647
-7326514417274985151
-7261493697654823615
-7232501775053626047
-7213642951614012095
-7198443302871636671
-7196472978034662079
-7170295805200571071
-7166636630503332543
-7155096156458195647
-7152281406691089087
-7148622231993850559
-7104430660650277567
-7074875788095658687
-7071216613398420159
-7049543040191699647
-7009010643545365183
-6995218369686543039
-6980863145874299583
-6961159897504553663
-6943145498995071679
-6933012399833488063
-6892480003187153599
-6889665253420047039
-6877280354444778175
-6870806429980433087
-6867991680213326527
-6867147255283194559
-6849132856773712575
-6831118458264230591
-6809444885057510079
-6783267712223419071
-6779608537526180543
-6766942163574201023
-6765253313713937087
-6745550065344191167
-6723876492137470655
-6706706518558120639
-6681373770654161599
-6673210996329552575
-6662514947214547647
-6611849451406629567
-6596649802664254143
-6574976229457533631
-6567657880063056575
-6548799056623442623
-6523466308719483583
-6520651558952377023
-6491096686397758143
-6482089487143017151
-6480119162306042559
-6421572367150226111
-6399898793943505599
-6392580444549028543
-6377380795806653119
-6370906871342308031
-6359366397297171135
-6327559724928867007
-6305041726792014527
-6283368153585294015
-6206806959919995583
-6205962534989863615
-6183444536853011135
-6176970612388666047
-6162615388576422591
-6140941815369702079
-6133623465975225023
-6119268242162981567
-6093935494259022527
-6064099146727692991
-6056217847379794623
-6046929173148342975
-6042425573520972479
-6030885099475835583
-6023566750081358527
-6010055951199247039
-5981064028598049471
-5969523554552912575
-5962205205158435519
-5936872457254476479
-5924487558279207615
-5923361658372364991
-5921672808512101055
-5918858058744994495
-5902813985072487103
-5871007312704182975
-5863126013356284607
-5841452440149564095
-5837793265452325567
-5831319340987980479
-5809645767781259967
-5805142168153889471
-5786283344714275519
-5775587295599270591
-5769113371134925503
-5761795021740448447
-5750254547695311551
-5743780623230966463
-5724921799791352511
-5702403801654500031
-5684389403145018047
-5677071053750540991
-5641042256731577023
-5640197831801445055
-5625842607989201599
-5622183433291963071
-5604169034782481087
-5593191510690765503
-5582495461575760575
-5574332687251151551
-5567858762786806463
-5557162713671801535
-5548999939347192511
-5531829965767842495
-5524511616373365439
-5505652792933751487
-5472438745681894079
-5469623995914787519
-5462305646520310463
-5447950422708067007
-5439787648383457983
-5428247174338321087
-5422617674804107967
-5421773249873975999
-5403758851364494015
-5396440501970016959
-5362382029788027583
-5360411704951052991
-5340708456581307071
-5297361310167866047
-5294546560400759487
-5279346911658384063
-5264710212869429951
-5257673338451663551
-5253169738824293055
-5231496165617572543
-5228681415850465983
-5227836990920334015
-5225022241153227455
-5224177816223095487
-5187304594273999551
-5181675094739786431
-5169290195764517567
-5161971846370040511
-5136639098466081471
-5115809950189492927
-5104269476144356031
-5089632777355401919
-5057263155033676479
-5015886333457210047
-5012227158759971519
-5002094059598387903
-4987738835786144447
-4947206439139809983
-4925532865933089471
-4918214516538612415
-4899355693098998463
-4885844894216886975
-4866141645847141055
-4815476150039222975
-4812661400272116415
-4794647001762634431
-4778602928090127039
-4769314253858675391
-4756929354883406527
-4734411356746554047
-4717241383167204031
-4706263859075488447
-4703449109308381887
-4670235062056524479
-4662072287731915455
-4651376238616910527
-4604369917506230975
-4597051568111753919
-4578192744672139967
-4571718820207794879
-4557363596395551423
-4552859996768180927
-4534845598258698943
-4519645949516323519
-4509512850354739903
-4475454378172750527
-4458284404593400511
-4450966055198923455
-4450121630268791487
-4447306880501684927
-4439988531107207871
-4435766406456548031
-4411278083482720959
-4400300559391005375
-4392419260043107007
-4382286160881523391
-4363427337441909439
-4338094589537950399
-4322894940795574975
-4315576591401097919
-4293903018194377407
-4279547794382133951
-4272229444987656895
-4257029796245281471
-4231697048341322431
-4221000999226317503
-4176809427882744511
-4165831903791028927
-4129803106772064959
-4125299507144694463
-4118825582680349375
-4067597136919009983
-4060278787524532927
-4056619612827294399
-4052960438130055871
-4045923563712289471
-4045079138782157503
-3976399244464757439
-3969080895070280383
-3957540421025143487
-3953881246327904959
-3951066496560798399
-3943748147166321343
-3935866847818422975
-3933052098051316415
-3917852449308940991
-3885201352010504895
-3882386602243398335
-3867186953501022911
-3844668955364170431
-3822995382157449919
-3816521457693104831
-3808640158345206463
-3801321808950729407
-3794003459556252351
-3786122160208353983
-3782462985511115455
-3775989061046770367
-3753471062909917887
-3750656313142811327
-3746434188492151487
-3735456664400435903
-3731797489703197375
-3728138315005958847
-3721101440588192447
-3710968341426608831
-3710123916496476863
-3706464741799238335
-3684791168592517823
-3680569043941857983
-3673250694547380927
-3655236296037898943
-3632718297901046463
-3629903548133939903
-3564038403583646399
-3513372907775728319
-3505491608427829951
-3499017683963484863
-3480158860523870911
-3461300037084256959
-3451166937922673343
-3450322512992541375
-3447507763225434815
-3435967289180297919
-3428648939785820863
-3413449291043445439
-3403316191881861823
-3381642618675141311
-3334073347611040447
-3330414172913801919
-3308740599707081407
-3286222601570228927
-3283407851803122367
-3264549028363508415
-3258075103899163327
-3242875455156787903
-3235557105762310847
-3199528308743346879
-3195024709115976383
-3174195560839387839
-3173351135909255871
-3170536386142149311
-3158151487166880447
-3148018388005296831
-3136477913960159935
-3086656843082373823
-3071457194339998399
-3063294420015389375
-3023606448299186879
-3021917598438922943
-3020791698532080319
-3016288098904709823
-3004747624859572927
-2995458950628121279
-2986733226350090943
-2983074051652852415
-2975755702258375359
-2962244903376263871
-2932408555844934335
-2914394157335452351
-2911579407568345791
-2895535333895838399
-2885402234734254783
-2877520935386356415
-2852188187482397375
-2826855439578438335
-2797863516977240767
-2793641392326580927
-2742975896518662847
-2738472296891292351
-2735657547124185791
-2702443499872328383
-2692310400710744767
-2680769926665607871
-2674296002201262783
-2659096353458887359
-2655437178761648831
-2654592753831516863
-2651778004064410303
-2637422780252166847
-2632919180624796351
-2582253684816878271
-2574372385468979903
-2571557635701873343
-2531025239055538879
-2526521639428168383
-2508507240918686399
-2464315669575113407
-2457841745110768319
-2455026995343661759
-2447145695995763391
-2439827346601286335
-2421812948091804351
-2400139374885083839
-2395635775257713343
-2392821025490606783
-2366643852656515775
-2359606978238749375
-2337088980101896895
-2330615055637551807
-2312600657128069823
-2290082658991217343
-2289238234061085375
-2286423484293978815
-2202543941234203327
-2199729191467096767
-2165670719285107391
-2159196794820762303
-2143997146078386879
-2133864046916803263
-2093331650270468799
-2092487225340336831
-2071658077063748287
-2067154477436377791
-2031125680417413823
-2005792932513454783
-2002978182746348223
-1980460184609495743
-1979615759679363775
-1968075285634226879
-1958786611402775231
-1917409789826308799
-1856048244903385791
-1808197498862574271
-1787368350585985727
-1771324276913478335
-1753309878403996351
-1750495128636889791
-1745991529009519295
-1724317955802798783
-1702644382596078271
-1687444733853702847
-1678156059622251199
-1654793636555266751
-1639593987812891327
-1638749562882759359
-1577388017959836351
-1575417693122861759
-1555714444753115839
-1527566947082050239
-1521374497594415807
-1513211723269806783
-1512367298339674815
-1487878975365847743
-1483375375738477247
-1464516552298863295
-1458042627834518207
-1450161328486619839
-1442842979092142783
-1440872654255168191
-1406814182073178815
-1370503910077504191
-1356148686265260735
-1332786263198276287
-1330815938361301695
-1308297940224449215
-1296757466179312319
-1272269143205485247
-1267765543578114751
-1212877923119536831
-1184730425448471231
-1183886000518339263
-1180226825821100735
-1159397677544512191
-1154894077917141695
-1139694429174766271
-1111546931503700671
-1096347282761325247
-1071858959787498175
-1071014534857366207
-1050185386580777663
-1041459662302747327
-1034985737838402239
-1019786089096026815
-1005993815237204671
-994453341192067775
-987134991797590719
-961802243893631679
-953920944545733311
-925773446874667711
-909729373202160319
-900440698970708671
-848367828279237311
-841049478884760255
-833731129490283199
-815716730980801215
-812901981213694655
-786724808379603647
-753510761127746239
-734651937688132287
-713822789411543743
-681171692113107647
-668786793137838783
-654994519279016639
-629098821421636287
-622624896957291199
-560418927104236223
-519886530457901759
-519042105527769791
-512568181063424703
-509753431296318143
-494553782553942719
-488079858089597631
-483576258462227135
-472035784417090239
-431503387770755775
-406170639866796735
-384497066660076223
-370141842847832767
-362823493453355711
-360008743686249151
-355505144058878655
-348468269641112255
-344809094943873727
-343964670013741759
-341149920246635199
-337490745549396671
-323135521737153215
-321446671876889279
-300617523600300735
-276129200626473663
-272470025929235135
-250796452722514623
-234752379050007231
-213923230773418687
-194219982403672767
-188590482869459647
-180427708544850623
-169731659429845695
-166072484732607167
-150872835990231743
-122725338319166143
-118221738691795647
-88666866137176767
-81348516742699711
-53201019071634111
-45319719723735743
-41660545026497215
-34342195632020159
-22801721586883263
-12668622425299647
-9009447728061119
5627251502410305
93447444236134977
135105740789312065
161282913623403073
161564388600113729
235873782451726913
268806354726873665
278939453888457281
307931376489654849
331293799556639297
353811797693491777
428402666521815617
434876590986160705
461053763820251713
513126634511723073
519600558976068161
552251656274504257
607420751709792833
682011620538116673
738025140903537217
744499065367882305
867785105167149633
906910126929930817
932805824787311169
946035148692712001
955323822924163649
965456922085747265
965738397062457921
994448844686944833
1037514516123675201
1040047790914071105
1083113462350801473
1118579309416344129
1212591951637703233
1278175621211286081
1339818641110919745
1352485015062899265
1424542609100827201
1485904154023750209
1512081326857841217
1593427595127220801
1629737867122895425
1652255865259747905
1697854811486874177
1870398972210506305
1876872896674851393
1932041992110139969
1955404415177124417
2014232685309651521
2017047435076758081
2095578953579031105
2104586152833772097
2147651824270502465
2264182464628714049
2323010734761241153
2362135756524022337
2391127679125219905
2417023376982600257
2511317494180670017
2534961392224365121
2574086413987146305
2609270786075978305
2768867097870920257
2880049713671629377
2908760161296116289
3048653224721312321
3068356473091058241
3087778246484093505
3113955419318184513
3169124514753473089
3182072363682163265
3208249536516254273
3282840405344578113
3293254979482872385
3319432152316963393
3393741546168576577
3413726269515033153
3455384566068210241
3500983512295336513
3549678683266280001
3582329780564716097
3634684126232898113
3644817225394481729
3667335223531334209
3758814590962297409
3787525038586784321
3807228286956530241
3849168058486417985
3866056557089057345
3960069199310416449
4025371393907288641
4025652868883999297
4051548566741379649
4087014413806922305
4100243737712323137
4237322051370412609
4259558574530554433
4321201594430188097
4351037941961517633
4360326616192969281
4546100100822002241
4552292550309636673
4572277273656093249
4578751198120438337
4594513796816235073
4604928370954529345
4711888862104578625
4738066034938669633
4851781925529774657
4852063400506485313
4875425823573469761
4950016692401793601
4989141714164574785
5057258658528553537
5070206507457243713
5151271300749912641
5197151721953749569
5310867612544854593
5402346979975817793
5437812827041360449
5558002642096810561
5577705890466556481
5581646540140505665
5590653739395246657
5684947856593316417
5754190700864137793
5763479375095589441
5796130472394025537
5822307645228116545
5874380515919587905
5907313088194734657
5962200708653312577
6075916599244417601
6473359266359863873
6493062514729609793
6519239687563700801
6571312558255172161
6577786482719517249
6589889906718075457
6655192101314947649
6668139950243637825
6762434067441707585
6834491661479635521
6838150836176874049
6877275857939655233
6889379281938213441
6899512381099797057
6934978228165339713
6974103249928120897
6974384724904831553
7000561897738922561
7039686919501703745
7117936963027266113
7146647410651753025
7166632133998209601
7225178929154026049
7227993678921132609
7284007199286553153
7319473046352095809
7361412817881983553
7371545917043567169
7469780683915586113
7504965056004418113
7537616153302854209
7553660226975361601
7586311324273797697
7612207022131178049
7638665669941979713
7671035292263705153
7690738540633451073
7824157679594302017
7879045300052879937
7911696397351316033
7977280066924898881
7990227915853589057
8084240558074948161
8158831426903272001
8165586826344327745
8234548195638438465
8266354868006742593
8276487967168326209
8302665140002417217
8315894463907818049
8325183138139269697
8396959257200486977
8436084278963268161
8458320802123409985
8490971899421846081
8598495340525316673
8617917113918351937
8654508860890737217
8702922556884970049
8768224751481842241
8790461274641984065
8966946085039565377
8999597182338001473
9220836514032577089
-9171301414195107263
-9167360764521158079
-9151316690848650687
-9118947068526925247
-8904181661296694719
-8819176218330076607
-8760629423174260159
-8727696850899113407
-8568382014080882111
-8535730916782446015
-8458325298187015615
-8454384648513066431
-8441436799584376255
-8432429600329635263
-8395837853357249983
-8376134604987504063
-8240182191236257215
-8213723543425455551
-8207249618961110463
-8154895273292928447
-8128999575435548095
-8106763052275406271
-8057223456374330815
-7992765686707590591
-7923804317413479871
-7897627144579388863
-7787570428685522367
-7745630657155634623
-7643736715586377151
-7514539701276186047
-7503843652161181119
-7458244705934054847
-7298648394139112895
-7230531449775134143
-7204354276941043135
-7110341634719684031
-7018862267288720831
-6950745322924742079
-6882909853537473983
-6813667009266652607
-6788615736339404223
-6752023989367018943
-6749490714576623039
-6716839617278186943
-6716558142301476287
-6609597651151427007
-6605375526500767167
-6576665078876280255
-6531066132649153983
-6489126361119266239
-6465763938052281791
-6459008538611226047
-6432831365777135039
-6404120918152648127
-6292938302351939007
-6231576757429015999
-6159800638367798719
-6084928294562764223
-5941376056440329663
-5860029788170950079
-5746313897579845055
-5639353406429795775
-5424587999199565247
-5420928824502326719
-5387996252227179967
-5365759729067038143
-5359567279579403711
-5281035761077130687
-5265273162381333951
-5232340590106187199
-5036434006315570623
-5027145332084118975
-4985205560554231231
-4863889845591938495
-4845312497129035199
-4812661399830599103
-4653065088035657151
-4515986774377567679
-4448151304990299583
-4437455255875294655
-4382567635416716735
-4320924615517083071
-4310791516355499455
-4297562192450098623
-4063656486803543487
-4030723914528396735
-3998072817229960639
-3982591693510874559
-3975836294069818815
-3972177119372580287
-3952473871002834367
-3871127602733454783
-3835943230644622783
-3829469306180277695
-3800477383579080127
-3763885636606694847
-3676346918849680831
-3634407147319793087
-3617800123693864383
-3591341475883062719
-3438500563529176511
-3416264040369034687
-3396560791999288767
-3383612943070598591
-3311555349032670655
-3278904251734234559
-3272430327269889471
-3265674927828833727
-3243719879645402559
-3174477035374581183
-3171662285607474623
-3099886166546257343
-3064420319480714687
-3054005745342420415
-2986170275955152319
-2950704428889609663
-2852469662017590719
-2845995737553245631
-2820100039695865279
-2791389592071378367
-2670918302039217599
-2511321990244275647
-2507381340570326463
-2494152016664925631
-2455308469878855103
-2429131297044764095
-2371428926819079615
-2315133931476948415
-2276008909714167231
-2234069138184279487
-2214365889814533567
-2207891965350188479
-2192410841631102399
-2172707593261356479
-2155819094658717119
-2136115846288971199
-2074754301366048191
-2028873880162211263
-1957097761100993983
-1947809086869542335
-1914876514594395583
-1875751492831614399
-1781738850610255295
-1775264926145910207
-1772450176378803647
-1709962731549038015
-1586958166726481343
-1541077745522644415
-1469020151484716479
-1364592935125063103
-1333067737733469631
-1195989424075380159
-1140820328640091583
-1097754657203361215
-890026124390897087
-844145703187060159
-841330953419953599
-837390303746004415
-734088987293193663
-704252639761864127
-671601542463428031
-651898294093682111
-568018751033906623
-483294783043999167
-466406284441359807
-450362210768852415
-358882843337889215
-319757821575108031
-306809972646417855
-291047373950621119
-249107602420733375
-166916909221221823
-115688463459882431
-79096716487497151
-65867392582096319
842177091284531
24767550111690291
35745074203405875
39122773923933747
62766671967628851
63611096897760819
71210921268948531
89225319778430515
90914169638694451
97669569079750195
108647093171465779
114558067682389555
116246917542653491
119624617263181363
128068866564501043
169727163117678131
171416012977942067
200126460602428979
226585108413230643
228273958273494579
253606706177453619
278095029151280691
286820753429311027
288509603289574963
296953852590894643
299487127381290547
323975450355117619
334952974446833203
369011446628822579
380833395650670131
381677820580802099
389277644951989811
394344194532781619
416299242716212787
425869391924375091
439380190806486579
449513289968070195
454579839548862003
497082561032171059
503837960473226803
517348759355338291
526637433586789939
560695905768779315
561540330698911283
567451305209835059
585184228742606387
588561928463134259
599539452554849843
626842525295783475
640353324177894963
650486423339478579
667374921942117939
670752621662645811
687922595241995827
702277819054239283
703966668914503219
714944193006218803
731832691608858163
749565615141629491
755758064629263923
759135764349791795
760824614210055731
766735588720979507
782779662393486899
793757186485202483
830348933457587763
832037783317851699
837948757828775475
859903806012206643
864970355592998451
866659205453262387
896495552984591923
972775271673179699
982063945904631347
1017811267946884659
1043144015850843699
1057499239663087155
1064254639104142899
1110979485238111795
1139689932862598707
1147289757233786419
1158548756302212659
1167837430533664307
1174592829974720051
1175437254904852019
1193170178437623347
1210058677040262707
1226384225689480755
1264383347545419315
1266072197405683251
1294219695076748851
1362055164464016947
1390765612088503859
1392454461948767795
1400054286319955507
1416098359992462899
1429890633851285043
1434112758501944883
1435801608362208819
1447623557384056371
1472956305288015411
1479711704729071155
1493503978587893299
1506170352539872819
1517147876631588403
1525592125932908083
1528125400723303987
1529814250583567923
1534880800164359731
1542480624535547443
1572316972066876979
1599338569831099955
1616508543410449971
1618197393270713907
1627486067502165555
1644374566104804915
1651129965545860659
1662107489637576243
1671396163869027891
1689410562378509875
1724876409444052531
1725720834374184499
1732476233815240243
1733320658745372211
1791023028971056691
1796934003481980467
1825081501153046067
1832681325524233779
1836059025244761651
1846192124406345267
1863080623008984627
1903050069701897779
1907272194352557619
1914872018723745331
1916560868584009267
1935982641977044531
1937671491837308467
1946960166068760115
1987774037691805235
1994529437132860979
1996218286993124915
1997062711923256883
2026054634524454451
2028587909314850355
2058987206799601203
2098112228562382387
2111623027444493875
2114156302234889779
2124289401396473395
2134422500558057011
2135266925488188979
2136111350418320947
2171014247530442291
2176080797111234099
2205635669665852979
2228716617756126771
2259115915240877619
2295707662213262899
2303307486584450611
2315129435606298163
2315973860536430131
2332017934208937523
2342995458300653107
2373676230762114611
2374520655692246579
2376209505552510515
2383809329923698227
2385498179783962163
2417023377175555635
2418712227035819571
2420401076896083507
2430534176057667123
2445733824800042547
2468533297913605683
2498369645444935219
2502591770095595059
2511880444327046707
2513569294187310643
2535524342370741811
2537213192231005747
2573804939203391027
2584782463295106611
2595759987386822195
2602515386827877939
2617996510546964019
2622218635197623859
2631507309429075507
2658528907193298483
2701876053606739507
2704409328397135411
2734808625881886259
2736497475742150195
2791666571177438771
2800955245408890419
2811088344570474035
2812777194430737971
2819814068848504371
2829102743079956019
2835858142521011763
2873857264376950323
2891027237956300339
2892716087816564275
2929870784742370867
2932404059532766771
2943381583624482355
2947603708275142195
2973217931155811891
2979128905666735667
2991795279618715187
2997706254129638963
2999395103989902899
3019098352359648819
3022476052080176691
3028387026591100467
3037675700822552115
3043586675333475891
3045275525193739827
3061319598866247219
3097066920908500531
3114799844441271859
3124932943602855475
3135910467694571059
3136754892624703027
3138443742484966963
3164057965365636659
3177568764247748147
3188546288339463731
3205434786942103091
3235271134473432627
3242870958844620339
3269892556608843315
3306484303581228595
3334350326275583539
3368408798457572915
3412318894824435251
3414007744684699187
3461577015748800051
3505768587092373043
3508301861882768947
3514212836393692723
3535323459646991923
3541234434157915699
3563470957318057523
3581203880850828851
3590492555082280499
3614417928102686259
3623706602334137907
3653261474888756787
3656639174609284659
3660016874329812531
3670149973491396147
3693230921581669939
3702519595813121587
3716030394695233075
3716874819625365043
3729541193577344563
3750088866877222451
3783021439152369203
3789776838593424947
3795687813104348723
3803287637475536435
3814546636543962675
3823835310775414323
3844101509098581555
3861834432631352883
3865212132351880755
3879567356164124211
3897581754673606195
3930514326948752947
3978928022942985779
3983150147593645619
3987372272244305459
4004260770846944819
4005949620707208755
4022275169356426803
4028186143867350579
4029030568797482547
4037474818098802227
4064496415863025203
4072096240234212915
4095177188324486707
4096021613254618675
4125576485809237555
4139087284691349043
4154568408410435123
4173145756873338419
4174834606733602355
4189189830545845811
4215648478356647475
4252803175282454067
4337527143272361523
4340904842992889395
4345971392573681203
4356385966711975475
4372430040384482867
4385096414336462387
4403673762799365683
4412962437030817331
4421688161308847667
4428443560749903411
4457998433304522291
4463064982885314099
4473198082046897715
4480234956464664115
4528367177482186291
4539344701573901875
4546100101014957619
4564958924454571571
4573403173755891251
4574247598686023219
4579314148266815027
4615061470309068339
4655593866955402803
4660660416536194611
4663193691326590515
4765087632895847987
4772687457267035699
4776065156987563571
4792109230660070963
4809842154192842291
4810686579122974259
4814345753820212787
4854033725536415283
4855722575396679219
4868388949348658739
4871766649069186611
4888936622648536627
4921869194923683379
4934535568875662899
4942135393246850611
4951705542455012915
4962683066546728499
4964371916406992435
4991393514171215411
4998993338542403123
5024607561423072819
5035585085514788403
5071050932580331059
5076961907091254835
5081465506718625331
5082309931648757299
5089065331089813043
5103420554902056499
5127064452945751603
5143108526618258995
5149300976105893427
5150989825966157363
5158589650337345075
5168722749498928691
5220514145213689395
5261046541860023859
5295105014042013235
5295949438972145203
5299327138692673075
5316215637295312435
5338170685478743603
5367162608079941171
5384051106682580531
5413043029283778099
5431620377746681395
5456953125650640435
5458641975510904371
5476374899043675699
5490167172902497843
5494389297553157683
5495233722483289651
5501144696994213427
5558002642289765939
5561380342010293811
5585024240053988915
5618238287305846323
5621615987026374195
5656237409161784883
5665526083393236531
5702962255295753779
5710562079666941491
5728295003199712819
5729983853059976755
5736739252501032499
5764042325241966131
5766575600032362035
5777553124124077619
5784308523565133363
5793597197796585011
5801197022167772723
5807107996678696499
5809641271469092403
5822589120397782579
5828500094908706355
5837788769140158003
5858899392393457203
5902246538806898227
5918290612479405619
5919979462339669555
5921668312199933491
5930956986431385139
5937712385872440883
5942778935453232691
5943623360383364659
5944467785313496627
5948126960010735155
5965015458613374515
5965859883543506483
5972615282984562227
6000481305678917171
6022717828839058995
6028628803349982771
6030317653210246707
6035384202791038515
6062405800555261491
6074227749577109043
6092242148086591027
6093930997946854963
6119263745850814003
6128552420082265651
6134463394593189427
6136152244453453363
6145722393661615667
6165988591984782899
6178654965936762419
6216935562769411635
6236357336162446899
6269289908437593651
6279704482575887923
6281393332436151859
6293215281457999411
6328681128523542067
6332903253174201907
6350073226753551923
6354295351404211763
6390605623399886387
6418753121070951987
6426352945442139699
6444085868974911027
6504321513990991411
6524587712314158643
6545979810544168499
6580601232679579187
6581445657609711155
6586512207190502963
6595800881421954611
6617192979651964467
6636614753044999731
6646747852206583347
6662791925879090739
6698539247921344051
6706983497222663731
6724716420755435059
6728094120475962931
6754552768286764595
6757086043077160499
6788329765492043315
6795085164933099059
6821543812743900723
6850254260368387635
6860387359529971251
6862920634320367155
6877557333109321267
6902045656083148339
6903734505943412275
6914712030035127859
6917245304825523763
6936667078218559027
6943422477659614771
6974947675051208243
6980014224632000051
6994369448444243507
7001969272815431219
7014072696813989427
7023361371045441075
7033494470207024691
7049538543879532083
7057982793180851763
7060516067971247667
7075715716713623091
7086974715782049331
7096263390013500979
7170854258841824819
7173387533632220723
7176765233352748595
7223490079486717491
7229401053997641267
7231089903857905203
7246289552600280627
7247978402460544563
7259800351482392115
7309058472406756915
7310747322267020851
7314125021987548723
7326791395939528243
7328480245799792179
7331857945520320051
7346494644309274163
7363383142911913523
7386182616025476659
7392938015466532403
7420241088207466035
7421085513137598003
7428685337508785715
7458240210063404595
7500742931546713651
7502431781406977587
7522697979730144819
7531142229031464499
7554223177121738291
7590533449117412915
7593911148837940787
7603199823069392435
7604888672929656371
7627969621019930163
7636413870321249843
7637258295251381811
7638102720181513779
7643169269762305587
7644858119622569523
7683983141385350707
7691582965756538419
7721137838311157299
7742248461564456499
7750974185842486835
7753507460632882739
7762796134864334387
7766173834584862259
7772084809095786035
7800795256720272947
7810365405928435251
7817965230299622963
7834009303972130355
7841609128343318067
7846675677924109875
7852586652435033651
7865253026387013171
7890022824337550899
7897622648708738611
7903533623219662387
7905222473079926323
7906911322940190259
7909444597730586163
7936466195494809139
7987413166279437875
8023160488321691187
8026538188042219059
8032449162553142835
8035826862273670707
8050182086085914163
8051026511016046131
8052715360876310067
8061159610177629747
8062848460037893683
8089307107848695347
8096062507289751091
8096906932219883059
8106195606451334707
8113795430822522419
8132372779285425715
8134906054075821619
8149542752864775731
8151231602725039667
8160520276956491315
8167275676397547059
8168964526257810995
8176564350628998707
8178253200489262643
8199363823742561843
8222444771832835635
8244399820016266803
8253688494247718451
8275925017407860275
8293657940940631603
8296191215731027507
8313079714333666867
8318990688844590643
8324901663355514419
8332501487726702131
8347138186515656243
8365715534978559539
8369937659629219379
8380070758790802995
8386826158231858739
8396114832463310387
8416662505763188275
8431017729575431731
8439461978876751411
8470705701291634227
8487875674870984243
8493786649381908019
8497164349102435891
8506453023333887539
8522497097006394931
8524185946866658867
8567533093280099891
8610880239693540915
8631146438016708147
8631990862946840115
8632835287876972083
8636212987597499955
8637901837457763891
8659012460711063091
8659856885641195059
8675338009360281139
8677026859220545075
8702359607124504115
8712492706286087731
8723470230377803315
8729381204888727091
8731070054748991027
8746551178468077107
8765128526930980403
8795527824415731251
8811853373064949299
8829586296597720627
8837186120968908339
8852385769711283763
8854074619571547699
8885599816963141171
8894888491194592819
8958501835931201075
8966946085232520755
8973701484673576499
8982145733974896179
8991434408206347827
8994812107926875699
9000723082437799475
9011137656576093747
9021270755737677363
9036470404480052787
9037314829410184755
9048292353501900339
9059269877593615923
9089106225124945459
9092483924845473331
9094172774705737267
9100928174146793011
9116972247819300403
9156097269582081587
9172985768184720947
9180585592555908659
9198318516088679987
9199162941018811955
9201696215809207859
9209577515157106227
9220555039248821811
-9207611685997826509
-9200011861626638797
-9194100887115715021
-9189878762465055181
-9176367963582943693
-9175523538652811725
-9167642239304913357
-9147376040981746125
-9145687191121482189
-9112754618846335437
-9111910193916203469
-9104873319498437069
-9092206945546457549
-9082073846384873933
-9066874197642498509
-9045763574389199309
-9041541449738539469
-9031971300530377165
-9026904750949585357
-8993972178674438605
-8984683504442986957
-8968357955793768909
-8967513530863636941
-8949780607330865613
-8947247332540469709
-8945558482680205773
-8905589035987292621
-8896300361755840973
-8859990089760166349
-8804820994324877773
-8793843470233162189
-8785399220931842509
-8755562873400512973
-8740363224658137549
-8733607825217081805
-8725163575915762125
-8679283154711925197
-8678438729781793229
-8642972882716250573
-8642128457786118605
-8614825385045184973
-8605536710813733325
-8584426087560434125
-8576826263189246413
-8557967439749632461
-8514057343382770125
-8512368493522506189
-8511524068592374221
-8497731794733552077
-8490131970362364365
-8466488072318669261
-8460577097807745485
-8458888247947481549
-8449599573716029901
-8442844174274974157
-8438340574647603661
-8434962874927075789
-8425674200695624141
-8416385526464172493
-8415541101534040525
-8378386404608233933
-8373319855027442125
-8370505105260335565
-8363749705819279821
-8315617484801757645
-8314773059871625677
-8313084210011361741
-8308862085360701901
-8295914236432011725
-8286625562200560077
-8272270338388316621
-8241871040903565773
-8204434869001048525
-8201057169280520653
-8182479820817617357
-8171220821749191117
-8160243297657475533
-8157710022867079629
-8118022051150877133
-8113799926500217293
-8109577801849557453
-8073830479807304141
-8067075080366248397
-8046808882043081165
-8037238732834918861
-8001772885769376205
-7997550761118716365
-7991639786607792589
-7969403263447650765
-7956736889495671245
-7953359189775143373
-7951670339914879437
-7917048917779468749
-7909449093408281037
-7845835748671672781
-7838798874253906381
-7837110024393642445
-7830354624952586701
-7806710726908891597
-7788133378445988301
-7781377979004932557
-7779689129144668621
-7771807829796770253
-7762519155565318605
-7757452605984526797
-7743941807102415309
-7716920209338192333
-7710164809897136589
-7702283510549238221
-7675261912785015245
-7664284388693299661
-7658373414182375885
-7645707040230396365
-7644862615300264397
-7640640490649604557
-7629381491581178317
-7622626092140122573
-7621781667209990605
-7618403967489462733
-7582093695493788109
-7580404845633524173
-7576182720982864333
-7574493871122600397
-7568301421634965965
-7564923721914438093
-7541279823870742989
-7538746549080347085
-7501310377177829837
-7484421878575190477
-7481888603784794573
-7466688955042419149
-7464155680252023245
-7444733906858987981
-7430941633000165837
-7409831009746866637
-7392098086214095309
-7376898437471719885
-7372394837844349389
-7371550412914217421
-7367328288263557581
-7366483863333425613
-7337773415708938701
-7331018016267882957
-7327640316547355085
-7321729342036431309
-7319196067246035405
-7312440667804979661
-7304559368457081293
-7303714943526949325
-7302870518596817357
-7301181668736553421
-7286826444924309965
-7269093521391538637
-7242916348557447629
-7241227498697183693
-7233346199349285325
-7229968499628757453
-7222368675257569741
-7221524250327437773
-7204635751724798413
-7187747253122159053
-7184369553401631181
-7175925304100311501
-7162977455171621325
-7119067358804758989
-7106963934806200781
-7092608710993957325
-7089231011273429453
-7070653662810526157
-7034061915838140877
-7032373065977876941
-7012106867654709709
-6977485445519299021
-6975796595659035085
-6966226446450872781
-6954404497429025229
-6948493522918101453
-6944271398267441613
-6929916174455198157
-6920627500223746509
-6905146376504660429
-6904301951574528461
-6895857702273208781
-6870524954369249741
-6852792030836478413
-6849414331115950541
-6841814506744762829
-6830555507676336589
-6827177807955808717
-6800156210191585741
-6798467360331321805
-6762720038289068493
-6761031188428804557
-6743298264896033229
-6714587817271546317
-6713743392341414349
-6706706517923647949
-6698262268622328269
-6691506869181272525
-6688129169460744653
-6680529345089556941
-6669551820997841357
-6655196597185597901
-6644219073093882317
-6600871926680441293
-6600027501750309325
-6594960952169517517
-6590738827518857677
-6571880004079243725
-6568502304358715853
-6546547256175284685
-6516992383620665805
-6516147958690533837
-6479556211718148557
-6473645237207224781
-6450001339163529677
-6446623639443001805
-6418476141771936205
-6399898793309032909
-6382165869776261581
-6365840321127043533
-6336285448572424653
-6325307924480709069
-6320241374899917261
-6308137950901359053
-6283649627927531981
-6243117231281197517
-6229324957422375373
-6225102832771715533
-6208214334169076173
-6178659461614457293
-6170778162266558925
-6166556037615899085
-6165711612685767117
-6164867187755635149
-6154734088594051533
-6100409418088894925
-6075921095115067853
-6074232245254803917
-6020751999679779277
-6009774475588063693
-6006396775867535821
-5995419251775820237
-5957138654943171021
-5936872456620003789
-5930961482109080013
-5927583782388552141
-5909850858855780813
-5905347259228410317
-5902813984438014413
-5894369735136694733
-5883392211044979149
-5877481236534055373
-5874947961743659469
-5869036987232735693
-5865659287512207821
-5854681763420492237
-5819778866308370893
-5811334617007051213
-5805423642496127437
-5755321096641630669
-5749410122130706893
-5731677198597935565
-5710566575344636365
-5695085451625550285
-5677352528092778957
-5675663678232515021
-5659619604560007629
-5658775179629875661
-5640760781120393677
-5627249982238282189
-5606983783915114957
-5602761659264455117
-5598539534613795277
-5557725662990750157
-5545059289038770637
-5534081764947055053
-5523104240855339469
-5514659991554019789
-5486512493882954189
-5480601519372030413
-5469623995280314829
-5467935145420050893
-5462024170909127117
-5396721976312254925
-5387433302080803277
-5376455777989087693
-5376174303012377037
-5350841555108417997
-5330575356785250765
-5321286682553799117
-5306649983764845005
-5299050159393657293
-5295672459673129421
-5288917060232073677
-5250073513446003149
-5232059114936521165
-5216859466194145741
-5204193092242166221
-5197437692801110477
-5189837868429922765
-5169290195130044877
-5167601345269780941
-5150712846667141581
-5144801872156217805
-5126224523693314509
-5114402574671466957
-5091321626581193165
-5088788351790797261
-5080344102489477581
-5077810827699081677
-5068522153467630029
-5049944805004726733
-5042907930586960333
-4998997834220097997
-4992242434779042253
-4974228036269560269
-4921873690601378253
-4891192918139916749
-4883593093768729037
-4881904243908465101
-4864171320375693773
-4859949195725033933
-4856571496004506061
-4852349371353846221
-4837712672564892109
-4836023822704628173
-4813224349591065037
-4800557975639085517
-4789580451547369933
-4774943752758415821
-4768188353317360077
-4746233305133928909
-4733566931181949389
-4731033656391553485
-4707952708301279693
-4700352883930091981
-4693597484489036237
-4669953586445341133
-4657287212493361613
-4639272813983879629
-4594518292686885325
-4590296168036225485
-4572281769526743501
-4564681945155555789
-4548637871483048397
-4525838398369485261
-4524149548509221325
-4490091076327231949
-4465602753353404877
-4458002928982217165
-4427322156520755661
-4409589232987984333
-4401989408616796621
-4384256485084025293
-4372997486015599053
-4370464211225203149
-4367086511504675277
-4341753763600716237
-4318954290487153101
-4277295993933976013
-4275607144073712077
-4259563070401204685
-4229726722869875149
-4209460524546707917
-4205238399896048077
-4195949725664596429
-4177090902224982477
-4169491077853794765
-4160202403622343117
-4095744633955602893
-4088144809584415181
-4079700560283095501
-4076322860562567629
-4067034186331115981
-4063656486610588109
-4049301262798344653
-4047612412938080717
-3995821017223320013
-3989065617782264269
-3975273343923442125
-3944029621508559309
-3942340771648295373
-3938118646997635533
-3915319173884072397
-3913630324023808461
-3888016101143138765
-3884638401422610893
-3879571851841819085
-3849172554357068237
-3830313730917454285
-3815958507105210829
-3803292133153231309
-3788092484410855885
-3786403634550591949
-3775144635482165709
-3762478261530186189
-3746434187857678797
-3744745337997414861
-3732078964045435341
-3704775891304501709
-3689576242562126285
-3680287568330674637
-3670998894099222989
-3654954820426715597
-3653265970566451661
-3643695821358289357
-3642006971498025421
-3640318121637761485
-3634407147126837709
-3623429623035122125
-3613296523873538509
-3599785724991427021
-3594719175410635213
-3569949377460097485
-3568260527599833549
-3553905303787590093
-3550527604067062221
-3536172380254818765
-3517595031791915469
-3501269483142697421
-3480158859889398221
-3478470010029134285
-3472559035518210509
-3427523039244505549
-3425834189384241613
-3416545515152789965
-3406412415991206349
-3378264918320140749
-3374042793669480909
-3345332346044993997
-3325066147721826765
-3316621898420507085
-3273274752007066061
-3260608378055086541
-3256386253404426701
-3253852978614030797
-3246253154242843085
-3244282829405868493
-3233305305314152909
-3228238755733361101
-3202906007829402061
-3180950959645970893
-3174758510158336461
-3173914085228204493
-3147736912394113485
-3146048062533849549
-3129159563931210189
-3119870889699758541
-3085812417517769165
-3072301618635657677
-3071457193705525709
-3070612768775393741
-3056257544963150285
-3039931996313932237
-2999399599667597773
-2991799775296410061
-2985044375855354317
-2977163076507455949
-2972096526926664141
-2966185552415740365
-2958585728044552653
-2956896878184288717
-2947608203952837069
-2940852804511781325
-2937475104791253453
-2911016456980451789
-2909327607120187853
-2888216983866888653
-2847684587220554189
-2845995737360290253
-2844869837453447629
-2831359038571336141
-2797582041366057421
-2795893191505793485
-2776189943136047565
-2774501093275783629
-2768590118764859853
-2764367994114200013
-2739035246210240973
-2721302322677469645
-2696532524726931917
-2693999249936536013
-2693154825006404045
-2687243850495480269
-2682177300914688461
-2677110751333896653
-2675421901473632717
-2673733051613368781
-2659377827801125325
-2648400303709409741
-2618563956178080205
-2605053157295968717
-2601675457575440845
-2591542358413857229
-2588164658693329357
-2566772560463319501
-2565083710603055565
-2560017161022263757
-2546506362140152269
-2542284237489492429
-2539750962699096525
-2538906537768964557
-2528773438607380941
-2506536915447239117
-2475293193032356301
-2446582745407869389
-2425190647177859533
-2417590822806671821
-2411679848295748045
-2405768873784824269
-2402391174064296397
-2398169049413636557
-2374243676393230797
-2364110577231647181
-2323578180585312717
-2312319181516886477
-2288675283473191373
-2278542184311607757
-2270097935010288077
-2263342535569232333
-2238572737618694605
-2233506188037902797
-2231817338177638861
-2224217513806451149
-2208173440133943757
-2198884765902492109
-2182840692229984717
-2161448593999974861
-2151315494838391245
-2149626644978127309
-2134426996235751885
-2116694072702980557
-2096146399403102669
-2064058252058087885
-1990311808159896013
-1986089683509236173
-1968075284999754189
-1963853160349094349
-1960475460628566477
-1946120236816323021
-1935142712724607437
-1929231738213683661
-1900239815612486093
-1898550965752222157
-1878284767429054925
-1870684943057867213
-1868996093197603277
-1856329719245623757
-1851263169664831949
-1846759570037461453
-1834937621015613901
-1824804521854030285
-1781738850417299917
-1772168701209137613
-1762880026977685965
-1742613828654518733
-1737547279073726925
-1724036480191615437
-1714747805960163789
-1711088631262925261
-1709399781402661325
-1707710931542397389
-1701799957031473613
-1695888982520549837
-1680689333778174413
-1671400659546722765
-1662111985315271117
-1651978886153687501
-1647756761503027661
-1616231564111434189
-1602720765229322701
-1589209966347211213
-1587521116486947277
-1559373618815881677
-1530663171191394765
-1510115497891516877
-1502515673520329165
-1500826823660065229
-1491538149428613581
-1490693724498481613
-1489004874638217677
-1485627174917689805
-1478027350546502093
-1467049826454786509
-1456916727293202893
-1411036306089365965
-1409347456229102029
-1404280906648310221
-1400058781997650381
-1366844734745792973
-1366000309815661005
-1344889686562361805
-1339823136981569997
-1308297939589976525
-1246373444713632205
-1213440872438485453
-1211752022578221517
-1200774498486505933
-1184730424813998541
-1183041574953734605
-1158271777003196877
-1154894077282669005
-1145605403051217357
-1118583805286994381
-1096347282126852557
-1087058607895400909
-1077769933663949261
-1076925508733817293
-1074392233943421389
-1073547809013289421
-1048215061109330381
-1046244736272355789
-1010778889206813133
-1004867914695889357
-978409266885087693
-952232094050996685
-932810320657961421
-925210496286773709
-922677221496377805
-911418222427951565
-907196097777291725
-905507247917027789
-870885825781617101
-859908301689901517
-819094430066856397
-812339030625800653
-803050356394349005
-785317432861577677
-766458609421963725
-730148337426289101
-720015238264705485
-712978363846939085
-702845264685355469
-699467564964827597
-676668091851264461
-658935168318493133
-651335343947305421
-625721121066635725
-618121296695448013
-613899172044788173
-607143772603732429
-604610497813336525
-597010673442148813
-581811024699773389
-570552025631347149
-552819102098575821
-543530427867124173
-541841578006860237
-535930603495936461
-524953079404220877
-515664405172769229
-475694958479856077
-468095134108668365
-444169761088262605
-407015064162456013
-377178716631126477
-369578892259938765
-352690393657299405
-348468269006639565
-333268620264264141
-325668795893076429
-312720946964386253
-288232623990559181
-287388199060427213
-259522176366072269
-238130078136062413
-231374678695006669
-218708304743027149
-206041930791047629
-169450183818662349
-167761333958398413
-166072484098134477
-162694784377606605
-136517611543515597
-135673186613383629
-129762212102459853
-99925864571130317
-76281966527435213
-75437541597303245
-52638068483740109
-17735171371618765
-6757647279903181
76277472096561985
120469043440134977
159875540179626817
172260439154895681
209415136080702273
214763160638204737
217859385382021953
229681334403869505
258110307051645761
279220930304944961
285413379792579393
394344195779603265
431498892705409857
434595117449227073
561540331945732929
587998979756534593
598695028871539521
601791253615356737
631346126169975617
673848847653284673
680041297140919105
685389321698421569
711847969509223233
729580893041994561
731832692855679809
760543140480166721
777431639082806081
783624088570440513
807830936567556929
812334536194927425
826971234983881537
867222156653505345
873414606141139777
905221278509443905
913665527810763585
933931726133930817
953916449480387393
991915571336325953
1067069390118071105
1129556834947836737
1156859907688770369
1234265526284200769
1243554200515652417
1282960697255144257
1286056921998961473
1329404068412402497
1424542610540604225
1465637957140360001
1476334006255364929
1496600204578532161
1508140678623669057
1518836727738673985
1546139800479607617
1571472548383566657
1591738746706733889
1597086771264236353
1601027420938185537
1611723470053190465
1635930318050306881
1676181239719930689
1678433039533615937
1710239711901920065
1741764909293513537
1775823381475502913
1848725400443562817
1851821625187380033
1862517674302384961
1963848665918221121
2010292037075479361
2030558235398646593
2053639183488920385
2090793880414726977
2120348752969345857
2192406347007273793
2201695021238725441
2212391070353730369
2267278690812308289
2295989138436795201
2304433387738114881
2345528734337870657
2353972983639190337
2376490981776042817
2388031455821179713
2422934352933301057
2428282377490803521
2442919076279757633
2514976670317685569
2518072895061502785
2524265344549137217
2558323816731126593
2634322060443003713
2645018109558008641
2699905730016586561
2768867099310697281
2777311348612016961
2786600022843468609
2811932770747427649
2815310470467955521
2816154895398087489
2899752963481152321
2918893261897476929
2956892383753415489
2968432857798552385
2977158582076582721
2980254806820399937
3020505728490023745
3040490451836480321
3046682901324114753
3066949099647281985
3077645148762286913
3078489573692418881
3118740495362042689
3120992295175727937
3121836720105859905
3168280091263118145
3199242338701290305
3210782812746427201
3216975262234061633
3219227062047746881
3268766657948822337
3289032856271989569
3320558053663583041
3340824251986750273
3473117491040758593
3481561740342078273
3511116612896697153
3548271309822503745
3565159808425143105
3592462881166076737
3600062705537264449
3661142775483476801
3730948569707719489
3736296594265221953
3765007041889708865
3784991765236165441
3831435136393423681
3851701334716590913
3895048481130031937
3923477453777808193
3943743652100975425
3955284126146112321
3960632150703614785
4004823722047187777
4083073765572750145
4249425476808747841
4310505546754960193
4336964194565761857
4345408443867081537
4359200717725903681
4385659365536705345
4402547864139344705
4414369813161192257
4422814062462511937
4429006511950146369
4436606336321334081
4475449883107404609
4532589303379667777
4613091146718915393
4685993165686975297
4737784561401736001
4740880786145553217
4751576835260558145
4769591233770040129
4783383507628862273
4792672181860313921
4821382629484800833
4861633551154424641
4870922225385876289
4924965420914322241
4939883594679987009
4959868318026443585
4965216342583946049
5078369283221629761
5081465507965446977
5123968229448756033
5133256903680207681
5135508703493892929
5170411600606014273
5202218272974318401
5224454796134460225
5273994392035535681
5294260590358702913
5300453039846337345
5306645489333971777
5332259712214641473
5346896411003595585
5375606858628082497
5380954883185584961
5384895532859534145
5485382099545238337
5493826348846558017
5557439693583166273
5612327314041744193
5629215812644383553
5637941536922413889
5646385786223733569
5664118709756504897
5695080957194677057
5727732054493113153
5739272528538250049
5756161027140889409
5771079200906554177
5799508173554330433
5808233897832360769
5868469542848441153
5972896759208094529
5986970508043627329
5990066732787444545
6048050577989839681
6076761025614326593
6090553299473148737
6117011947283950401
6131648646072904513
6143189120118041409
6191884291088984897
6223690963457289025
6232135212758608705
6299689207169166145
6339095703908657985
6342191928652475201
6348384378140109633
6431982446223174465
6474485167706483521
6544009486954015553
6564275685277182785
6572719934578502465
6604526606946806593
6616067080991943489
6622259530479577921
6696568924331191105
6702761373818825537
6732316246373444417
6743012295488449345
6792551891389524801
6864609485427452737
6951303778254334785
7003095173969095489
7019983672571734849
7060234594241358657
7173387534879042369
7175639334692727617
7266274277193558849
7305680773933050689
7306525198863182657
7400819316061252417
7470625110285495105
7475973134842997569
7476817559773129537
7487513608888134465
7577304126458833729
7622903072685960001
7669346443843218241
7718886039744293697
7802484107827358529
7839638804753165121
7841890604566850369
7879889726422788929
7885237750980291393
7888333975724108609
7924081297766361921
7931681122137549633
7971932043807173441
8009931165663112001
8010775590593243969
8054122737006684993
8085084984444857153
8093529233746176833
8094373658676308801
8101973483047496513
8151513078948571969
8197956450105830209
8273110268887575361
8286902542746397505
8313361190557199169
8368248811015777089
8416943981986720577
8446498854541339457
8460291128400161601
8481401751653460801
8535444947181906753
8537696746995592001
8538541171925723969
8567251619550210881
8570347844294028097
8590332567640484673
8627487264566291265
8668582611166047041
8677026860467366721
8697293058790533953
8725722031438310209
8745988229761477441
8756684278876482369
8757528703806614337
8759780503620299585
8762876728364116801
8783987351617416001
8800031425289923393
8821142048543222593
8869837219514166081
8876029669001800513
8879125893745617729
8904740116626287425
8907836341370104641
8919376815415241537
8930072864530246465
8968071986386185025
9022959606844762945
9046322029911747393
9060958728700701505
9063210528514386753
9069402978002021185
9126823873250995009
9178615268965755713
-9183686311730599103
-9134991140759655615
-9124295091644650687
-9103184468391351487
-9033660149143819455
-9025215899842499775
-9016490175564469439
-8996505452218012863
-8984964978172875967
-8964698779849708735
-8881100711766643903
-8854923538932552895
-8845353389724390591
-8826213091308065983
-8820020641820431551
-8812420817449243839
-8809324592705426623
-8794406418939761855
-8780614145080939711
-8771325470849488063
-8742615023225001151
-8734170773923681471
-8702364101555377343
-8650572705840616639
-8649728280910484671
-8621017833285997759
-8442281223074731199
-8370505104013513919
-8358683154991666367
-8350238905690346687
-8318432233322042559
-8295351285231768767
-8290003260674266303
-8263544612863464639
-8262700187933332671
-8231737940495160511
-8200212743103567039
-8138851198180644031
-8084808002652198079
-7957018363225560255
-7919863666299753663
-7916767441555936447
-7859628021283673279
-7839361822960506047
-7833169373472871615
-7813184650126415039
-7796014676547065023
-7767585703899288767
-7738030831344669887
-7680891411072406719
-7605737592290661567
-7602641367546844351
-7515947074719962303
-7504406600674825407
-7464155679005201599
-7461059454261384383
-7435445231380714687
-7426156557149263039
-7385905635479639231
-7374365161434502335
-7357195187855152319
-7342558489066198207
-7316944266185528511
-7313848041441711295
-7300055767582889151
-7288515293537752255
-7282322844050117823
-7265152870470767807
-7264308445540635839
-7261212220796818623
-7212517049825875135
-7204072800524555455
-7170014328342566079
-7161570079041246399
-7152281404809794751
-7051513363147379903
-7048417138403562687
-7026180615243420863
-6998877542502487231
-6976641019342345407
-6918375699163239615
-6906835225118102719
-6769193961506591935
-6733446639464338623
-6728943039836968127
-6725846815093150911
-6716558140861699263
-6699388167282349247
-6649848571381273791
-6615790099199284415
-6587361126551508159
-6569346728042026175
-6544013980138067135
-6525999581628585151
-6520651557071082687
-6506859283212260543
-6497570608980808895
-6477304410657641663
-6460415912055002303
-6436209064057885887
-6416224340711429311
-6384417668343125183
-6335722497372181695
-6306167624817562815
-6245931979801482431
-6153889662417097919
-6087180092936672447
-6041581146709546175
-6038484921965728959
-6030040672664409279
-5972056827462014143
-5941094580023841983
-5899999233424086207
-5873540585613284543
-5867348136125650111
-5859748311754462399
-5772209593997448383
-5770802219113895103
-5769957794183763135
-5758417320138626239
-5691707750658200767
-5689455950844515519
-5640760779873572031
-5629220305828435135
-5628375880898303167
-5579680709927359679
-5539429788257735871
-5519163589934568639
-5484260692822447295
-5481164468078630079
-5469623994033493183
-5339582554793170111
-5297079833309861055
-5290887383822226623
-5193497041880339647
-5184208367648887999
-5166193969139406015
-5057263153152382143
-5039248754642900159
-5028552705527895231
-4987457358928139455
-4944954637444830399
-4944110212514698431
-4936510388143510719
-4904703715775206591
-4852912320060445887
-4817164998018192575
-4806468948903187647
-4768469827047249087
-4754677553188426943
-4736663154678944959
-4722870880820122815
-4719774656076305599
-4687123558777869503
-4644620837294560447
-4633080363249423551
-4606621715438621887
-4591985016649667775
-4516831197867922623
-4460536202525791423
-4459691777595659455
-4410996606624715967
-4382286159000229055
-4335842787842970815
-4318954289240331455
-4289399416685712575
-4242956045528454335
-4214245597903967423
-4211993798090282175
-4157106177631704255
-4150913728144069823
-4142469478842750143
-4121358855589450943
-4078856134106141887
-4072663684618507455
-4018620489090061503
-3925733746775545023
-3886327250036053183
-3856772377481434303
-3839883878878794943
-3818773255625495743
-3808077206510490815
-3798788532279039167
-3764730060097049791
-3763885635166917823
-3746997136564278463
-3732078962798613695
-3718286688939791551
-3648480894715548863
-3599785723744605375
-3596689499000788159
-3506898981430088895
-3493106707571266751
-3406412414744384703
-3366161493074760895
-3363909693261075647
-3333510395776324799
-3323658771591451839
-3247660527879574719
-3206565181279818943
-3184328658119677119
-3175602933841646783
-3169410484354012351
-3157870010308875455
-3111426639151617215
-3025576771254867135
-3014036297209730239
-2984481424655111359
-2973785375540106431
-2953519177216939199
-2927342004382848191
-2921993979825345727
-2901727781502178495
-2900883356572046527
-2854439985414788287
-2849936385787417791
-2849091960857285823
-2841492136486098111
-2832203462254646463
-2798144990072657087
-2739879669893551295
-2728339195848414399
-2681895824691156159
-2632356228790080703
-2627852629162710207
-2581409258005451967
-2538062111592010943
-2531869662104376511
-2517795913268843711
-2511603463781209279
-2500062989736072383
-2456715843322631359
-2449116018951443647
-2431101620441961663
-2418716721466692799
-2396480198306550975
-2387754474028520639
-2376213999983383743
-2329770628826125503
-2301060181201638591
-2295712156644136127
-2289519707156501695
-2278823658041496767
-2269534983810045119
-2237728311441740991
-2200573614515934399
-2185936915726980287
-2156382043172361407
-2148782218801173695
-2075880199833113791
-2073628400019428543
-2065184150718108863
-2047451227185337535
-2015644554817033407
-2010296530259530943
-1995378356493866175
-1989185907006231743
-1948934985336607935
-1939646311105156287
-1934298286547653823
-1891795565064344767
-1815797321352467647
-1813545521538782399
-1767102150381524159
-1723755003968083135
-1717562554480448703
-1713058954853078207
-1708836830202418367
-1686600307042276543
-1637060711141201087
-1614824187981059263
-1556558867801953471
-1551210843244451007
-1547270193570501823
-1541922169012999359
-1539670369199314111
-1449879851628614847
-1438339377583477951
-1380074057404372159
-1360089334057915583
-1241588368862729407
-1227796095003907263
-1207529896680740031
-1176004699289146559
-1161086525523481791
-1151797851292030143
-1146449826734527679
-1111546929622406335
-1098599080693716159
-1097754655763584191
-1086214181718447295
-1051311284606325951
-938158343968642239
-808961329658451135
-795169055799628991
-765614183245010111
-748725684642370751
-745629459898553535
-716919012274066623
-696934288927610047
-665127616559305919
-662875816745620671
-627972919633499327
-595321822335063231
-589129372847428799
-545782226433987775
-543530426620302527
-526641928017663167
-506375729694495935
-494835255649359039
-488642806161724607
-463028583281054911
-416585212123796671
-356349567107716287
-324542894739412159
-316098645438092479
-284291973069788351
-281195748325971135
-249389075957667007
-183805406384084159
-156502333643150527
-131169585739191487
-119347636717343935
-24209094589142207
112306273370498369
141861145925117249
210541040242517313
232214613449237825
251073436888851777
298924182929663297
367604077247063361
407292048963265857
451483620306838849
564355085967811905
565199510897943873
642605129493374273
664278702700094785
732114172087362881
772646568733697345
860185286490711361
908036032531522881
967427252617471297
1056936295211459905
1076639543581205825
1292249375741568321
1320396873412633921
1405120841402541377
1499133483623900481
1517147882133382465
1664077819976344897
1666892569743451457
1684906968252933441
1772445686009947457
1853510479302616385
1897702050646189377
1904175975110534465
2050261488023364929
2057579837417841985
2094453059366937921
2098112234064176449
2108808283179181377
2166792128381576513
2196347000936195393
2294863242784924993
2411956833096557889
2422089932258141505
2531302223221876033
2618840940978890049
2659373337625224513
2726082907105649985
2736778956220654913
2825162098907800897
2875827594715718977
2944507489033119041
2954359113217992001
3039927506138031425
3042742255905137985
3090593001945949505
3108607400455431489
3130280973662152001
3217819691419166017
3287344010666698049
3350394405449884993
3374882728423712065
3393741551863326017
3416259550000178497
3463265871110858049
3484095019387446593
3580359461422490945
3700549276477941057
3777954895073371457
3846634789390771521
3867463937667360065
3887167186037105985
3897300285198689601
3944869556262790465
3959506255051744577
3974705903794120001
4083918194757854529
4229159282740553025
4251677280877405505
4258995630271882561
4262654804969121089
4371867095932855617
4387066744675231041
4407895892951819585
4455746638992631105
4476575787269219649
4553981405864650049
4564958929956365633
4769591238025012545
4791264811231733057
4792109236161865025
4820256733832930625
4839115557272544577
4850093081364260161
4868107479873742145
4897662352428361025
4907795451589944641
4948327848236279105
4966342246745761089
4996178594277090625
5006874643392095553
5102576135473718593
5124249708680439105
5182796503836255553
5192085178067707201
5203625652112844097
5214603176204559681
5331696766516192577
5339859540840801601
5342674290607908161
5379547512557004097
5499737327612454209
5506774202030220609
5529292200167073089
5577142946207884609
5597972094484473153
5615986492993955137
5645822840525284673
5663837239034766657
5708028810378339649
5733361558282298689
5794723103205221697
5883106245892367681
5940808616118052161
5981341012764386625
6010332935365584193
6087738553961014593
6207083944086332737
6226787192456078657
6254934690127144257
6273793513566758209
6284489562681763137
6294622661843346753
6312637060352828737
6342473407884158273
6353169456999163201
6372872705368909121
6526276567676216641
6549920465719911745
6550764890650043713
6568779289159525697
6579756813251241281
6587638112599139649
6597771211760723265
6677991580123260225
6697694828493006145
6725842326164071745
6747515899370792257
6784389121319888193
6824921517966222657
6835899042057938241
6882905363168617793
6934133808929957185
6952148207439439169
6962281306601022785
7022516951617103169
7039686925196453185
7050664449288168769
7138203167045182785
7325665501534479681
7365353473250682177
7416018969058600257
7474565764214416705
7521572085325096257
7524386835092202817
7532549609416811841
7572237581133014337
7573082006063146305
7649643199728444737
7650487624658576705
7678635122329642305
7739996667252565313
7827535385009579329
7915074102766593345
7926614576811730241
7934777351136339265
7955606499412927809
7985442846944257345
8014997719498876225
8062848465539687745
8131528359857087809
8152357508133676353
8261569799097410881
8310264970068354369
8437491659541570881
8624109569100735809
8712492711787881793
8740640209458947393
8752180683504084289
8781172606105281857
8820860577821484353
8838874976330966337
8966946090734314817
8977079189895898433
8995938013335512385
9007478487380649281
9035625985051714881
9077002806628181313
9084321156022658369
-9163983059105880767
-9125139512319810239
-9104310364043221695
-9066592717163993791
-9037600794562796223
-8968920900245396159
-8910374105089579711
-8811294913287428799
-8782302990686231231
-8753311068085033663
-8527005186809666239
-8516027662717950655
-8436651719285545663
-8417792895845931711
-8388800973244734143
-8241871035401771711
-8202183063685569215
-8150673142947519167
-8063978850120637119
-8023446453474302655
-7986573231525206719
-7946885259809004223
-7936752160647420607
-7829510194520660671
-7825851019823422143
-7818814145405655743
-7679765506910591679
-7640077535194389183
-7611085612593191615
-7592226789153577663
-7436008177079163583
-7423623278103894719
-7376616956993215167
-7267404666029480639
-7227716694313278143
-7179865948272466623
-7169169899157461695
-7089512480748346047
-7059957608193727167
-6962285791275129535
-6925412569326033599
-6727817135675153087
-6687284739028818623
-6658292816427621055
-6560058049555602111
-6512207303514790591
-6472519331798588095
-6461541807706872511
-6402995012551056063
-6343603792465107647
-6274923898147707583
-6227073152106896063
-6128838385234877119
-6038484917710756543
-5903095453912931007
-5843704233826982591
-5814712311225785023
-5735336367793380031
-5716477544353766079
-5698463145844284095
-5693959546216913599
-5665812048545847999
-5647797650036366015
-5617961302505036479
-5584747255253179071
-5469061039825099455
-5431343392945871551
-5410514244669283007
-5369981848022948543
-5322131101982137023
-5253451207664736959
-5136357617353104063
-5125380093261388479
-5059514948711094975
-4956776582211705535
-4872897039151930047
-4862763939990346431
-4781699146697677503
-4762840323258063551
-4760869998421088959
-4741166750051343039
-4713019252380277439
-4694160428940663487
-4673331280664074943
-4643494933132745407
-4625480534623263423
-4585792562907060927
-4566089314537315007
-4544415741330594495
-4516268243659528895
-4485868946174778047
-4457721448503712447
-4241267191413217983
-4213119693742152383
-4132899325379615423
-4132054900449483455
-4095181678500387519
-4049019782319839935
-3975836288375069375
-3877601521503050431
-3858742698063436479
-3829750775462238911
-3808077202255518399
-3790062803746036415
-3738552883007986367
-3734893708310747839
-3680006087852169919
-3616955693068982975
-3611326193534769855
-3522943050847623871
-3337169566218590911
-3326192042126875327
-3318310742778976959
-3227957275254856383
-3180106529214044863
-3012347443094493887
-2993488619654879935
-2905105476967733951
-2855284406089947839
-2795893186003999423
-2785760086842415807
-2658533397369199295
-2482611536925039295
-2406050343259740863
-2362703196846299839
-2354540422521690815
-2040695823489309375
-2008889151121005247
-1930639107595442879
-1843100389838428863
-1793279318960642751
-1785398019612744383
-1745428572919831231
-1625520232841091775
-1596528310239894207
-1587802585961863871
-1518278266714331839
-1194300568520366783
-1153768171874032319
-1146449822479555263
-1100287926299007679
-1095784326671637183
-1067073879047150271
-1048215055607536319
-979535161290136255
-603203117427989183
-456273179585026751
-369578886758144703
-354379238015769279
-270499694955993791
-190842276546878143
-172827878037396159
-131451056460929727
13790040753762881
17449215451001409
206037449847140929
553096096131379777
593909967754424897
839356147446116929
1143912072247046721
1454941921512321601
1503918567459975745
1777793719799444033
2188747185797001793
2296270626900472385
2765207938100425281
2995172994073031233
3290158769665798721
3459888180622324289
3586551920142119489
3712934184685204033
3793998977977872961
4051267106691412545
4155975798027776577
4204952443975430721
4346252882284180033
4409021802090656321
4497123469801091649
4724836725960012353
5527040409585381953
5688044096263877185
6014273594271527489
6347821441673654849
6513328727979520577
7309339962117255745
7539305018089861697
7685390531002692161
7716071303464153665
7957295358505185857
8137157868623295041
8208089562754380353
8300976305068896833
8934857952621294145
9095580164323078721
-8764007107968044479
-8754999908713303487
-8325187619276131775
-8214567953428843967
-8153769358459342271
-8114081386743139775
-7630507376754232767
-7380839072411880895
-6804378320108457407
-5997952511832427967
-5717603435028614591
-5624716692714098111
-5278783946336701887
-5248666123828661695
-5007442068787629503
-4948895273631813055
-4744825915516587455
-4733003966494739903
-4549763756656102847
-4542726882238336447
-4356390447655882175
-4019464900533226943
-4015242775882567103
-3746715648100601279
-3481847695015873983
-3309303534292241855
-2940289839824571839
-2478389403042385343
-2311193266876255679
-1660704595697929663
-1457198187536125375
-1454383437769018815
-1056377820700151231
5064316544471873
14352990775923521
32367389285405505
33493289192248129
37996888819618625
39685738679882561
53478012538704705
54040962492126017
54603912445547329
71492411048186689
93165984254907201
99358433742541633
99921383695962945
106113833183597377
109773007880835905
117372832252023617
117935782205444929
121594956902683457
127787406390317889
135950180714926913
139046405458744129
140172305365586753
142705580155982657
160719978665464641
161282928618885953
162690303502439233
178734377174946625
196185825731007297
202378275218641729
202941225172063041
203504175125484353
220955623681545025
242066246934844225
246288371585504065
253888195956691777
255577045816955713
263176870188143425
264302770094986049
269932269629199169
276687669070254913
287383718185259841
305961066648163137
306524016601584449
309620241345401665
310183191298822977
320879240413827905
321442190367249217
327634639854883649
349308213061604161
354937712595817281
373515061058720577
384774060127146817
385337010080568129
394625684312019777
395188634265441089
401381083753075521
406447633333867329
408980908124263233
409543858077684545
410106808031105857
419395482262557505
423899081889928001
424462031843349313
430091531377562433
436283980865196865
436846930818618177
440506105515856705
452891004491125569
469779503093764929
479068177325216577
488356851556668225
492016026253906753
513689599460627265
537333497504322369
542400047085114177
549155446526169921
573362294523286337
595035867730006849
597569142520402753
598132092473824065
612487316286067521
616709440936727361
618116815820280641
629094339911996225
634160889492788033
640916288933843777
658930687443325761
662026912187142977
683137535440442177
697492759252685633
711003558134797121
714099782878614337
725358781947040577
761387578966004545
776868702685090625
782498202219303745
794320151241151297
814023399610897217
850052196629861185
855118746210652993
861311195698287425
864407420442104641
864970370395525953
874259044626977601
879888544161190721
885518043695403841
890303118299484993
899028842577515329
906628666948703041
908317516808966977
913384066389758785
925206015411606337
940687139130692417
949975813362144065
969116111778468673
1000922784146772801
1010211458378224449
1038640431026000705
1052995654838244161
1053558604791665473
1055528929628640065
1062847279023117121
1063410228976538433
1066506453720355649
1071573003301147457
1077202502835360577
1077765452788781889
1089587401810629441
1095216901344842561
1096342801251685185
1113794249807745857
1117453424504984385
1121112599202222913
1123082924039197505
1134904873061045057
1135467823014466369
1138564047758283585
1165867120499217217
1166430070452638529
1174029894823826241
1190636918449754945
1192607243286729537
1208651316959236929
1217377041237267265
1220473265981084481
1221036215934505793
1231732265049510721
1237924714537145153
1259035337790444353
1266353687184921409
1268886961975317313
1277612686253347649
1286338410531377985
1288027260391641921
1294219709879276353
1304915758994281281
1305478708947702593
1306041658901123905
1310545258528494401
1320396882713367361
1320959832666788673
1336440956385874753
1344603730710483777
1345166680663905089
1350233230244696897
1355018304848778049
1384854652380107585
1401743150982746945
1405965275633406785
1408498550423802689
1412720675074462529
1415253949864858433
1423979674142888769
1425949998979863361
1436364573118157633
1440023747815396161
1441994072652370753
1453816021674218305
1458038146324878145
1475489594880938817
1487874493856207681
1494066943343842113
1508422167156085569
1515740516550562625
1533191965106623297
1533754915060044609
1535725239897019201
1551769313569526593
1568657812172165953
1585827785751515969
1587235160635069249
1612004958585606977
1618197408073241409
1629456407141667649
1637337706489566017
1640433931233383233
1651692930301809473
1653663255138784065
1654226205092205377
1669144378857870145
1670833228718134081
1675899778298925889
1681529277833139009
1685751402483798849
1697573351505646401
1722343149456184129
1724313474293158721
1733039198571189057
1754149821824488257
1758934896428569409
1772164220333970241
1782015844518843201
1782578794472264513
1816637266654253889
1828459215676101441
1834651665163735873
1842814439488344897
1846473614185583425
1852103113719796545
1868147187392303937
1870117512229278529
1874339636879938369
1885035685994943297
1903613034457846593
1919657108130353985
1921627432967328577
1930916107198780225
1959345079846556481
1964411629427348289
1976796528402617153
1980455703099855681
1988055527471043393
1988618477424464705
2000440426446312257
2006069925980525377
2007195825887368001
2013951225328423745
2015921550165398337
2024647274443428673
2028306449140667201
2040128398162514753
2040691348115936065
2056172471835022145
2073623920391082817
2074749820297925441
2083475544575955777
